97
45
80
5
81
49
10
94
36
25
68
62
89
68
99
34
72
53
31
17
15
46
84
41
29
48
64
20
47
13
31
69
36
68
88
20
2
48
29
11
68
16
73
46
11
57
73
14
13
90
7
76
58
41
91
51
60
39
75
33
85
90
48
23
94
98
26
21
80
80
33
25
24
21
48
99
73
38
31
72
75
51
7
56
7
54
12
95
77
37
59
62
72
96
26
78
67
51
52
12
32
52
34
32
58
81
52
37
92
91
77
23
9
4
58
34
83
91
16
41
87
31
44
43
21
70
52
28
94
70
32
23
86
19
40
23
17
74
98
25
2
74
3
85
60
37
54
69
39
91
95
76
35
11
25
2
8
90
11
87
29
25
43
23
59
55
36
90
63
35
18
9
93
91
40
14
28
59
83
84
17
83
89
4
75
56
87
76
93
39
15
27
63
11
95
76
31
80
26
5
1
64
6
4
74
86
82
44
71
12
73
49
8
27
71
46
36
39
47
4
67
60
96
24
20
90
45
82
95
63
82
48
34
78
84
53
77
85
29
88
73
44
5
82
66
66
19
37
40
50
41
92
33
23
38
41
67
81
84
83
42
99
49
9
29
25
16
30
42
18
68
51
11
58
30
23
55
14
58
53
72
8
43
45
23
90
15
11
40
43
85
95
1
46
47
73
95
96
54
41
51
88
95
22
81
89
81
74
92
15
85
53
24
31
11
35
57
4
85
39
10
5
89
98
33
72
50
64
12
56
28
59
60
17
3
83
13
21
64
33
9
40
19
25
58
32
72
70
35
13
17
91
11
15
32
47
99
96
89
10
40
17
63
37
86
26
93
7
29
28
22
36
40
53
30
69
86
64
41
1
1
80
30
99
40
37
49
45
85
56
84
17
32
55
93
91
77
81
39
32
39
66
41
7
90
80
52
57
84
62
60
35
55
88
10
59
87
64
96
50
77
48
21
72
43
6
4
85
60
39
92
5
26
10
62
34
39
23
9
59
84
91
60
24
95
50
61
44
45
34
5
14
85
88
54
90
45
68
64
84
76
67
97
46
70
56
9
46
27
75
20
64
55
38
66
86
87
97
77
93
45
60
40
26
34
79
20
38
55
71
89
70
59
25
82
18
93
15
53
40
42
16
17
70
15
41
58
47
23
68
3
47
91
70
40
16
27
72
12
91
36
70
91
55
85
49
5
31
55
48
92
73
44
37
52
30
44
69
11
93
21
72
16
86
69
42
79
88
84
67
90
22
3
62
4
71
24
62
84
65
36
28
92
74
76
30
3
55
19
11
72
58
61
18
70
64
55
5
86
44
70
16
46
88
57
70
71
82
33
80
6
81
84
46
58
92
79
41
10
40
39
24
69
74
94
33
61
84
91
40
17
20
76
41
94
20
81
5
17
7
58
21
22
39
6
91
73
15
60
77
84
14
95
46
5
46
47
72
94
25
10
86
90
93
64
85
6
44
51
38
12
75
24
4
81
19
3
31
68
4
59
46
25
14
55
3
24
30
37
48
73
10
11
92
96
72
31
29
75
20
86
30
64
22
66
9
89
91
65
86
44
16
5
90
65
64
62
76
38
61
62
75
7
3
65
3
65
32
7
9
87
74
56
49
18
30
81
3
48
47
13
33
64
50
5
57
5
20
28
33
10
54
90
14
58
11
23
61
57
64
43
58
85
56
98
70
60
55
73
36
82
60
29
91
49
30
11
57
98
8
97
46
5
73
98
34
83
43
90
7
7
21
45
83
4
55
47
8
51
34
97
50
46
91
51
50
25
99
64
29
99
66
62
49
67
97
54
13
58
65
87
18
65
67
29
61
15
46
87
94
82
3
6
64
11
48
1
13
22
48
9
83
78
62
7
41
59
96
17
7
1
35
50
86
47
79
84
79
63
90
36
79
13
70
46
96
60
97
39
19
97
41
90
10
56
5
40
3
60
87
3
19
29
81
93
48
53
19
18
32
63
21
49
32
13
30
71
8
16
10
80
61
57
97
9
60
44
41
31
43
40
82
19
75
87
18
51
31
77
98
44
42
79
7
56
76
92
58
96
26
33
32
87
50
8
41
61
31
72
34
4
12
88
75
91
81
2
74
44
94
79
40
31
18
65
39
81
51
42
33
67
86
44
5
10
8
94
69
68
47
57
20
58
43
94
33
53
5
15
75
74
19
14
3
47
92
2
69
84
68
59
11
89
40
66
18
67
83
65
84
86
33
6
97
38
59
82
87
23
33
85
77
36
67
58
49
72
42
57
17
